NOTE(ID=0, HEADER=ASD, CONTENT=WQE, CREATEDAT=2024-06-18T11:18:37.436370100)
NOTE(ID=0, HEADER=ASD, CONTENT=WQE, CREATEDAT=2024-06-18T11:19:33.486759400)
